crossing time (s)	slope (V/s)	crossing number
281474976710655.000000	-1.338895	4566	0.000000
281474976710655.000000	-1.430268	4567	0.000000
281474976710655.000000	-1.217577	4568	0.000000
281474976710655.000000	-1.450643	4569	0.000000
281474976710655.000000	-1.208483	4570	0.000000
281474976710655.000000	-1.376802	4571	0.000000
281474976710655.000000	-1.324096	4572	0.000000
281474976710655.000000	-1.119019	4573	0.000000
281474976710655.000000	-1.398329	4574	0.000000
281474976710655.000000	-1.265657	4575	0.000000
281474976710655.000000	-1.358634	4576	0.000000
281474976710655.000000	-1.262675	4577	0.000000
281474976710655.000000	-1.275140	4578	0.000000
281474976710655.000000	-1.275757	4579	0.000000
281474976710655.000000	-1.229225	4580	0.000000
281474976710655.000000	-1.316311	4581	0.000000
281474976710655.000000	-1.298040	4582	0.000000
281474976710655.000000	-1.199417	4583	0.000000
281474976710655.000000	-1.412636	4584	0.000000
281474976710655.000000	-1.277951	4585	0.000000
281474976710655.000000	-1.370679	4586	0.000000
281474976710655.000000	-1.265389	4587	0.000000
281474976710655.000000	-1.255298	4588	0.000000
281474976710655.000000	-1.359939	4589	0.000000
281474976710655.000000	-1.249565	4590	0.000000
281474976710655.000000	-1.343492	4591	0.000000
281474976710655.000000	-1.269042	4592	0.000000
281474976710655.000000	-1.343085	4593	0.000000
281474976710655.000000	-1.288484	4594	0.000000
281474976710655.000000	-1.291909	4595	0.000000
281474976710655.000000	-1.211796	4596	0.000000
281474976710655.000000	-1.261169	4597	0.000000
281474976710655.000000	-1.213644	4598	0.000000
281474976710655.000000	-1.311856	4599	0.000000
281474976710655.000000	-1.229093	4600	0.000000
281474976710655.000000	-1.397920	4601	0.000000
281474976710655.000000	-1.170402	4602	0.000000
281474976710655.000000	-1.310904	4603	0.000000
281474976710655.000000	-1.270287	4604	0.000000
281474976710655.000000	-1.378839	4605	0.000000
281474976710655.000000	-1.167788	4606	0.000000
281474976710655.000000	-1.291564	4607	0.000000
281474976710655.000000	-1.324730	4608	0.000000
281474976710655.000000	-1.270127	4609	0.000000
281474976710655.000000	-1.230132	4610	0.000000
281474976710655.000000	-1.174221	4611	0.000000
281474976710655.000000	-1.255200	4612	0.000000
281474976710655.000000	-1.269092	4613	0.000000
281474976710655.000000	-1.360261	4614	0.000000
281474976710655.000000	-1.221730	4615	0.000000
281474976710655.000000	-1.303499	4616	0.000000
281474976710655.000000	-1.379489	4617	0.000000
281474976710655.000000	-1.187160	4618	0.000000
281474976710655.000000	-1.305924	4619	0.000000
281474976710655.000000	-1.248528	4620	0.000000
281474976710655.000000	-1.254292	4621	0.000000
281474976710655.000000	-1.314443	4622	0.000000
281474976710655.000000	-1.234526	4623	0.000000
281474976710655.000000	-1.294892	4624	0.000000
281474976710655.000000	-1.251447	4625	0.000000
281474976710655.000000	-1.250365	4626	0.000000
281474976710655.000000	-1.286769	4627	0.000000
281474976710655.000000	-1.266098	4628	0.000000
281474976710655.000000	-1.237185	4629	0.000000
281474976710655.000000	-1.297180	4630	0.000000
281474976710655.000000	-1.132525	4631	0.000000
281474976710655.000000	-1.246007	4632	0.000000
281474976710655.000000	-1.286611	4633	0.000000
281474976710655.000000	-1.236508	4634	0.000000
281474976710655.000000	-1.305488	4635	0.000000
281474976710655.000000	-1.297433	4636	0.000000
281474976710655.000000	-1.256211	4637	0.000000
281474976710655.000000	-1.329511	4638	0.000000
281474976710655.000000	-1.272168	4639	0.000000
281474976710655.000000	-1.301342	4640	0.000000
281474976710655.000000	-1.251279	4641	0.000000
281474976710655.000000	-1.228673	4642	0.000000
281474976710655.000000	-1.227020	4643	0.000000
281474976710655.000000	-1.287963	4644	0.000000
281474976710655.000000	-1.217616	4645	0.000000
281474976710655.000000	-1.330164	4646	0.000000
281474976710655.000000	-1.259232	4647	0.000000
281474976710655.000000	-1.222305	4648	0.000000
281474976710655.000000	-1.259173	4649	0.000000
281474976710655.000000	-1.276943	4650	0.000000
281474976710655.000000	-1.204297	4651	0.000000
281474976710655.000000	-1.228840	4652	0.000000
281474976710655.000000	-1.267235	4653	0.000000
281474976710655.000000	-1.242424	4654	0.000000
281474976710655.000000	-1.343882	4655	0.000000
281474976710655.000000	-1.274123	4656	0.000000
281474976710655.000000	-1.205865	4657	0.000000
281474976710655.000000	-1.274197	4658	0.000000
281474976710655.000000	-1.146436	4659	0.000000
281474976710655.000000	-1.340983	4660	0.000000
281474976710655.000000	-1.244226	4661	0.000000
281474976710655.000000	-1.184575	4662	0.000000
281474976710655.000000	-1.201159	4663	0.000000
281474976710655.000000	-1.251514	4664	0.000000
281474976710655.000000	-1.250188	4665	0.000000
281474976710655.000000	-1.309950	4666	0.000000
281474976710655.000000	-1.250445	4667	0.000000
281474976710655.000000	-1.251440	4668	0.000000
281474976710655.000000	-1.240165	4669	0.000000
281474976710655.000000	-1.153175	4670	0.000000
281474976710655.000000	-1.322148	4671	0.000000
281474976710655.000000	-1.210443	4672	0.000000
281474976710655.000000	-1.270962	4673	0.000000
281474976710655.000000	-1.201382	4674	0.000000
281474976710655.000000	-1.293037	4675	0.000000
281474976710655.000000	-1.204442	4676	0.000000
281474976710655.000000	-1.293249	4677	0.000000
281474976710655.000000	-1.168885	4678	0.000000
281474976710655.000000	-1.309688	4679	0.000000
281474976710655.000000	-1.238925	4680	0.000000
281474976710655.000000	-1.263912	4681	0.000000
281474976710655.000000	-1.164449	4682	0.000000
281474976710655.000000	-1.280109	4683	0.000000
281474976710655.000000	-1.266194	4684	0.000000
281474976710655.000000	-1.122750	4685	0.000000
281474976710655.000000	-1.327390	4686	0.000000
281474976710655.000000	-1.198466	4687	0.000000
281474976710655.000000	-1.192348	4688	0.000000
281474976710655.000000	-1.152364	4689	0.000000
281474976710655.000000	-1.285596	4690	0.000000
281474976710655.000000	-1.255816	4691	0.000000
281474976710655.000000	-1.170445	4692	0.000000
281474976710655.000000	-1.177828	4693	0.000000
281474976710655.000000	-1.213287	4694	0.000000
281474976710655.000000	-1.289992	4695	0.000000
281474976710655.000000	-1.155501	4696	0.000000
281474976710655.000000	-1.188841	4697	0.000000
281474976710655.000000	-1.255944	4698	0.000000
281474976710655.000000	-1.213721	4699	0.000000
281474976710655.000000	-1.199932	4700	0.000000
281474976710655.000000	-1.240309	4701	0.000000
281474976710655.000000	-1.303471	4702	0.000000
281474976710655.000000	-1.179629	4703	0.000000
281474976710655.000000	-1.217960	4704	0.000000
281474976710655.000000	-1.140235	4705	0.000000
281474976710655.000000	-1.270380	4706	0.000000
281474976710655.000000	-1.182556	4707	0.000000
281474976710655.000000	-1.309383	4708	0.000000
281474976710655.000000	-1.183651	4709	0.000000
281474976710655.000000	-1.180670	4710	0.000000
281474976710655.000000	-1.180420	4711	0.000000
281474976710655.000000	-1.238217	4712	0.000000
281474976710655.000000	-1.216207	4713	0.000000
281474976710655.000000	-1.225273	4714	0.000000
281474976710655.000000	-1.198764	4715	0.000000
281474976710655.000000	-1.322514	4716	0.000000
281474976710655.000000	-1.098827	4717	0.000000
281474976710655.000000	-1.205264	4718	0.000000
281474976710655.000000	-1.247965	4719	0.000000
281474976710655.000000	-1.212151	4720	0.000000
281474976710655.000000	-1.215207	4721	0.000000
281474976710655.000000	-1.119930	4722	0.000000
281474976710655.000000	-1.279310	4723	0.000000
281474976710655.000000	-1.178120	4724	0.000000
281474976710655.000000	-1.218632	4725	0.000000
281474976710655.000000	-1.123562	4726	0.000000
281474976710655.000000	-1.187087	4727	0.000000
281474976710655.000000	-1.198270	4728	0.000000
281474976710655.000000	-1.229501	4729	0.000000
281474976710655.000000	-1.200541	4730	0.000000
281474976710655.000000	-1.134416	4731	0.000000
281474976710655.000000	-1.230750	4732	0.000000
281474976710655.000000	-1.168114	4733	0.000000
281474976710655.000000	-1.240438	4734	0.000000
281474976710655.000000	-1.116473	4735	0.000000
281474976710655.000000	-1.290485	4736	0.000000
281474976710655.000000	-1.144675	4737	0.000000
281474976710655.000000	-1.329867	4738	0.000000
281474976710655.000000	-1.145429	4739	0.000000
281474976710655.000000	-1.248795	4740	0.000000
281474976710655.000000	-1.238970	4741	0.000000
281474976710655.000000	-1.192245	4742	0.000000
281474976710655.000000	-1.188396	4743	0.000000
281474976710655.000000	-1.271393	4744	0.000000
281474976710655.000000	-1.259660	4745	0.000000
281474976710655.000000	-1.222213	4746	0.000000
281474976710655.000000	-1.191102	4747	0.000000
281474976710655.000000	-1.261769	4748	0.000000
281474976710655.000000	-1.156274	4749	0.000000
281474976710655.000000	-1.284618	4750	0.000000
281474976710655.000000	-1.205532	4751	0.000000
281474976710655.000000	-1.217553	4752	0.000000
281474976710655.000000	-1.196687	4753	0.000000
281474976710655.000000	-1.263561	4754	0.000000
281474976710655.000000	-1.170247	4755	0.000000
281474976710655.000000	-1.252419	4756	0.000000
281474976710655.000000	-1.098652	4757	0.000000
281474976710655.000000	-1.225186	4758	0.000000
281474976710655.000000	-1.247478	4759	0.000000
281474976710655.000000	-1.238515	4760	0.000000
281474976710655.000000	-1.227613	4761	0.000000
281474976710655.000000	-1.241316	4762	0.000000
281474976710655.000000	-1.201119	4763	0.000000
281474976710655.000000	-1.267474	4764	0.000000
281474976710655.000000	-1.173326	4765	0.000000
281474976710655.000000	-1.304132	4766	0.000000
281474976710655.000000	-1.096738	4767	0.000000
281474976710655.000000	-1.176162	4768	0.000000
281474976710655.000000	-1.192416	4769	0.000000
281474976710655.000000	-1.139929	4770	0.000000
281474976710655.000000	-1.216497	4771	0.000000
281474976710655.000000	-1.145353	4772	0.000000
281474976710655.000000	-1.232693	4773	0.000000
281474976710655.000000	-1.069955	4774	0.000000
281474976710655.000000	-1.200077	4775	0.000000
281474976710655.000000	-1.173177	4776	0.000000
281474976710655.000000	-1.234894	4777	0.000000
281474976710655.000000	-1.190769	4778	0.000000
281474976710655.000000	-1.111585	4779	0.000000
281474976710655.000000	-1.189871	4780	0.000000
281474976710655.000000	-1.056304	4781	0.000000
281474976710655.000000	-1.107291	4782	0.000000
281474976710655.000000	-1.236137	4783	0.000000
281474976710655.000000	-1.122538	4784	0.000000
281474976710655.000000	-1.137816	4785	0.000000
281474976710655.000000	-1.267950	4786	0.000000
281474976710655.000000	-1.162776	4787	0.000000
281474976710655.000000	-1.172570	4788	0.000000
281474976710655.000000	-1.151554	4789	0.000000
281474976710655.000000	-1.229757	4790	0.000000
281474976710655.000000	-1.136711	4791	0.000000
281474976710655.000000	-1.246164	4792	0.000000
281474976710655.000000	-1.161957	4793	0.000000
281474976710655.000000	-1.259842	4794	0.000000
281474976710655.000000	-1.194134	4795	0.000000
281474976710655.000000	-1.214313	4796	0.000000
281474976710655.000000	-1.183899	4797	0.000000
281474976710655.000000	-1.136907	4798	0.000000
281474976710655.000000	-1.124730	4799	0.000000
281474976710655.000000	-1.032422	4800	0.000000
281474976710655.000000	-1.184054	4801	0.000000
281474976710655.000000	-1.155409	4802	0.000000
281474976710655.000000	-1.183119	4803	0.000000
281474976710655.000000	-1.109616	4804	0.000000
281474976710655.000000	-1.163212	4805	0.000000
281474976710655.000000	-1.132874	4806	0.000000
281474976710655.000000	-1.204736	4807	0.000000
281474976710655.000000	-1.195939	4808	0.000000
281474976710655.000000	-1.171521	4809	0.000000
281474976710655.000000	-1.176209	4810	0.000000
281474976710655.000000	-1.150082	4811	0.000000
281474976710655.000000	-1.179188	4812	0.000000
281474976710655.000000	-1.140302	4813	0.000000
281474976710655.000000	-1.245102	4814	0.000000
281474976710655.000000	-1.167553	4815	0.000000
281474976710655.000000	-1.278473	4816	0.000000
281474976710655.000000	-1.088597	4817	0.000000
281474976710655.000000	-1.211692	4818	0.000000
281474976710655.000000	-1.167826	4819	0.000000
281474976710655.000000	-1.232852	4820	0.000000
281474976710655.000000	-1.133521	4821	0.000000
281474976710655.000000	-1.204576	4822	0.000000
281474976710655.000000	-1.118769	4823	0.000000
281474976710655.000000	-1.256224	4824	0.000000
281474976710655.000000	-1.156156	4825	0.000000
281474976710655.000000	-1.174642	4826	0.000000
281474976710655.000000	-1.133563	4827	0.000000
281474976710655.000000	-1.217408	4828	0.000000
281474976710655.000000	-1.150144	4829	0.000000
281474976710655.000000	-1.164338	4830	0.000000
281474976710655.000000	-1.114881	4831	0.000000
281474976710655.000000	-1.129049	4832	0.000000
281474976710655.000000	-1.188597	4833	0.000000
281474976710655.000000	-1.189213	4834	0.000000
281474976710655.000000	-1.056049	4835	0.000000
281474976710655.000000	-1.214498	4836	0.000000
281474976710655.000000	-1.093555	4837	0.000000
281474976710655.000000	-1.106209	4838	0.000000
281474976710655.000000	-1.192380	4839	0.000000
281474976710655.000000	-1.107933	4840	0.000000
281474976710655.000000	-1.142170	4841	0.000000
281474976710655.000000	-1.115044	4842	0.000000
281474976710655.000000	-1.194892	4843	0.000000
281474976710655.000000	-1.177017	4844	0.000000
281474976710655.000000	-1.156194	4845	0.000000
281474976710655.000000	-1.176053	4846	0.000000
281474976710655.000000	-1.227782	4847	0.000000
281474976710655.000000	-1.152705	4848	0.000000
281474976710655.000000	-1.209838	4849	0.000000
281474976710655.000000	-1.128911	4850	0.000000
281474976710655.000000	-1.183949	4851	0.000000
281474976710655.000000	-1.222140	4852	0.000000
281474976710655.000000	-1.199105	4853	0.000000
281474976710655.000000	-1.204865	4854	0.000000
281474976710655.000000	-1.170564	4855	0.000000
281474976710655.000000	-1.185637	4856	0.000000
281474976710655.000000	-1.097885	4857	0.000000
281474976710655.000000	-1.140174	4858	0.000000
281474976710655.000000	-1.197899	4859	0.000000
281474976710655.000000	-1.163671	4860	0.000000
281474976710655.000000	-1.102474	4861	0.000000
281474976710655.000000	-1.171197	4862	0.000000
281474976710655.000000	-1.108929	4863	0.000000
281474976710655.000000	-1.172058	4864	0.000000
281474976710655.000000	-1.145120	4865	0.000000
281474976710655.000000	-1.207358	4866	0.000000
281474976710655.000000	-1.104709	4867	0.000000
281474976710655.000000	-1.067358	4868	0.000000
281474976710655.000000	-1.163555	4869	0.000000
281474976710655.000000	-1.114523	4870	0.000000
281474976710655.000000	-1.242469	4871	0.000000
281474976710655.000000	-1.085192	4872	0.000000
281474976710655.000000	-1.179903	4873	0.000000
281474976710655.000000	-1.107108	4874	0.000000
281474976710655.000000	-1.257838	4875	0.000000
281474976710655.000000	-1.175889	4876	0.000000
281474976710655.000000	-1.147609	4877	0.000000
281474976710655.000000	-1.122328	4878	0.000000
281474976710655.000000	-1.197561	4879	0.000000
281474976710655.000000	-1.076875	4880	0.000000
281474976710655.000000	-1.180810	4881	0.000000
281474976710655.000000	-1.121980	4882	0.000000
281474976710655.000000	-1.094627	4883	0.000000
281474976710655.000000	-1.169210	4884	0.000000
281474976710655.000000	-1.129213	4885	0.000000
