crossing time (s)	slope (V/s)	crossing number
281474976710655.000000	52.965683	1575	0.000000
281474976710655.000000	50.918240	1576	0.000000
281474976710655.000000	52.430965	1577	0.000000
281474976710655.000000	52.437733	1578	0.000000
281474976710655.000000	51.950321	1579	0.000000
281474976710655.000000	70.548843	1580	0.000000
281474976710655.000000	52.070412	1581	0.000000
281474976710655.000000	50.279446	1582	0.000000
281474976710655.000000	52.285568	1583	0.000000
281474976710655.000000	51.837654	1584	0.000000
281474976710655.000000	51.500305	1585	0.000000
281474976710655.000000	43.346504	1586	0.000000
281474976710655.000000	69.128372	1587	0.000000
281474976710655.000000	51.529251	1588	0.000000
281474976710655.000000	52.081223	1589	0.000000
281474976710655.000000	51.317032	1590	0.000000
281474976710655.000000	51.055012	1591	0.000000
281474976710655.000000	51.887825	1592	0.000000
281474976710655.000000	51.095436	1593	0.000000
281474976710655.000000	51.345299	1594	0.000000
281474976710655.000000	50.911030	1595	0.000000
281474976710655.000000	48.957119	1596	0.000000
281474976710655.000000	51.348236	1597	0.000000
281474976710655.000000	51.608315	1598	0.000000
281474976710655.000000	38.798775	1599	0.000000
281474976710655.000000	50.561218	1600	0.000000
281474976710655.000000	50.794876	1601	0.000000
281474976710655.000000	50.415768	1602	0.000000
281474976710655.000000	51.039501	1603	0.000000
281474976710655.000000	50.549629	1604	0.000000
281474976710655.000000	56.128822	1605	0.000000
281474976710655.000000	49.134655	1606	0.000000
281474976710655.000000	50.287182	1607	0.000000
281474976710655.000000	67.429153	1608	0.000000
281474976710655.000000	50.903030	1609	0.000000
281474976710655.000000	50.056496	1610	0.000000
281474976710655.000000	50.946785	1611	0.000000
281474976710655.000000	50.697353	1612	0.000000
281474976710655.000000	47.893791	1613	0.000000
281474976710655.000000	49.851501	1614	0.000000
281474976710655.000000	67.128586	1615	0.000000
281474976710655.000000	49.433884	1616	0.000000
281474976710655.000000	50.053387	1617	0.000000
281474976710655.000000	49.923267	1618	0.000000
281474976710655.000000	48.888519	1619	0.000000
281474976710655.000000	48.977070	1620	0.000000
281474976710655.000000	49.579964	1621	0.000000
281474976710655.000000	53.529800	1622	0.000000
281474976710655.000000	49.871750	1623	0.000000
281474976710655.000000	49.139839	1624	0.000000
281474976710655.000000	49.073872	1625	0.000000
281474976710655.000000	48.885307	1626	0.000000
281474976710655.000000	49.339958	1627	0.000000
281474976710655.000000	48.422367	1628	0.000000
281474976710655.000000	50.509525	1629	0.000000
281474976710655.000000	48.471279	1630	0.000000
281474976710655.000000	54.208569	1631	0.000000
281474976710655.000000	48.424347	1632	0.000000
281474976710655.000000	48.348366	1633	0.000000
281474976710655.000000	39.994942	1634	0.000000
281474976710655.000000	48.648510	1635	0.000000
281474976710655.000000	39.686203	1636	0.000000
281474976710655.000000	48.995983	1637	0.000000
281474976710655.000000	48.301170	1638	0.000000
281474976710655.000000	46.659615	1639	0.000000
281474976710655.000000	39.730587	1640	0.000000
281474976710655.000000	48.817726	1641	0.000000
281474976710655.000000	47.286377	1642	0.000000
281474976710655.000000	48.606705	1643	0.000000
281474976710655.000000	48.103809	1644	0.000000
281474976710655.000000	47.816509	1645	0.000000
281474976710655.000000	47.547249	1646	0.000000
281474976710655.000000	47.848335	1647	0.000000
281474976710655.000000	47.110512	1648	0.000000
281474976710655.000000	47.901485	1649	0.000000
281474976710655.000000	48.413361	1650	0.000000
281474976710655.000000	47.623573	1651	0.000000
281474976710655.000000	47.760151	1652	0.000000
281474976710655.000000	47.341858	1653	0.000000
281474976710655.000000	52.088448	1654	0.000000
281474976710655.000000	47.670559	1655	0.000000
281474976710655.000000	47.301235	1656	0.000000
281474976710655.000000	63.988590	1657	0.000000
281474976710655.000000	47.343182	1658	0.000000
281474976710655.000000	47.066532	1659	0.000000
281474976710655.000000	46.989872	1660	0.000000
281474976710655.000000	47.078968	1661	0.000000
281474976710655.000000	43.917099	1662	0.000000
281474976710655.000000	47.327423	1663	0.000000
281474976710655.000000	47.485298	1664	0.000000
281474976710655.000000	46.540611	1665	0.000000
281474976710655.000000	47.147125	1666	0.000000
281474976710655.000000	39.108459	1667	0.000000
281474976710655.000000	46.291668	1668	0.000000
281474976710655.000000	46.601593	1669	0.000000
281474976710655.000000	51.120983	1670	0.000000
281474976710655.000000	46.074909	1671	0.000000
281474976710655.000000	46.817852	1672	0.000000
281474976710655.000000	45.900414	1673	0.000000
281474976710655.000000	45.556358	1674	0.000000
281474976710655.000000	46.511330	1675	0.000000
281474976710655.000000	46.011868	1676	0.000000
281474976710655.000000	45.872452	1677	0.000000
281474976710655.000000	46.243816	1678	0.000000
281474976710655.000000	45.471386	1679	0.000000
281474976710655.000000	45.523968	1680	0.000000
281474976710655.000000	46.197945	1681	0.000000
281474976710655.000000	45.515358	1682	0.000000
281474976710655.000000	39.842934	1683	0.000000
281474976710655.000000	45.699642	1684	0.000000
281474976710655.000000	44.993908	1685	0.000000
281474976710655.000000	45.103012	1686	0.000000
281474976710655.000000	45.253437	1687	0.000000
281474976710655.000000	44.689541	1688	0.000000
281474976710655.000000	45.710190	1689	0.000000
281474976710655.000000	45.519703	1690	0.000000
281474976710655.000000	34.670475	1691	0.000000
281474976710655.000000	44.981579	1692	0.000000
281474976710655.000000	45.004436	1693	0.000000
281474976710655.000000	44.856617	1694	0.000000
281474976710655.000000	42.762177	1695	0.000000
281474976710655.000000	44.997208	1696	0.000000
281474976710655.000000	44.235275	1697	0.000000
281474976710655.000000	44.802620	1698	0.000000
281474976710655.000000	44.652897	1699	0.000000
281474976710655.000000	48.741852	1700	0.000000
281474976710655.000000	44.568806	1701	0.000000
281474976710655.000000	44.232761	1702	0.000000
281474976710655.000000	59.914570	1703	0.000000
281474976710655.000000	44.220253	1704	0.000000
281474976710655.000000	43.868515	1705	0.000000
281474976710655.000000	43.650814	1706	0.000000
281474976710655.000000	44.437531	1707	0.000000
281474976710655.000000	44.549973	1708	0.000000
281474976710655.000000	44.316341	1709	0.000000
281474976710655.000000	48.516045	1710	0.000000
281474976710655.000000	38.059669	1711	0.000000
281474976710655.000000	43.599613	1712	0.000000
281474976710655.000000	41.623650	1713	0.000000
281474976710655.000000	42.835918	1714	0.000000
281474976710655.000000	44.051205	1715	0.000000
281474976710655.000000	43.456615	1716	0.000000
281474976710655.000000	43.576103	1717	0.000000
281474976710655.000000	43.374996	1718	0.000000
281474976710655.000000	36.329197	1719	0.000000
281474976710655.000000	42.314281	1720	0.000000
281474976710655.000000	43.868851	1721	0.000000
281474976710655.000000	42.920433	1722	0.000000
281474976710655.000000	43.107330	1723	0.000000
281474976710655.000000	35.821278	1724	0.000000
281474976710655.000000	43.109501	1725	0.000000
281474976710655.000000	42.548283	1726	0.000000
281474976710655.000000	43.156673	1727	0.000000
281474976710655.000000	43.111435	1728	0.000000
281474976710655.000000	43.362495	1729	0.000000
281474976710655.000000	42.576626	1730	0.000000
281474976710655.000000	42.679585	1731	0.000000
281474976710655.000000	42.254642	1732	0.000000
281474976710655.000000	42.741016	1733	0.000000
281474976710655.000000	35.012737	1734	0.000000
281474976710655.000000	42.735260	1735	0.000000
281474976710655.000000	42.511936	1736	0.000000
281474976710655.000000	43.158997	1737	0.000000
281474976710655.000000	37.030884	1738	0.000000
281474976710655.000000	42.348927	1739	0.000000
281474976710655.000000	41.723614	1740	0.000000
281474976710655.000000	35.533348	1741	0.000000
281474976710655.000000	42.327477	1742	0.000000
281474976710655.000000	41.952164	1743	0.000000
281474976710655.000000	43.127964	1744	0.000000
281474976710655.000000	41.917889	1745	0.000000
281474976710655.000000	51.362961	1746	0.000000
281474976710655.000000	42.233643	1747	0.000000
281474976710655.000000	41.782574	1748	0.000000
281474976710655.000000	46.001724	1749	0.000000
281474976710655.000000	41.882793	1750	0.000000
281474976710655.000000	41.472660	1751	0.000000
281474976710655.000000	41.778370	1752	0.000000
281474976710655.000000	42.077930	1753	0.000000
281474976710655.000000	41.334198	1754	0.000000
281474976710655.000000	41.810776	1755	0.000000
281474976710655.000000	41.880882	1756	0.000000
281474976710655.000000	40.899353	1757	0.000000
281474976710655.000000	39.191025	1758	0.000000
281474976710655.000000	41.493298	1759	0.000000
281474976710655.000000	50.299007	1760	0.000000
281474976710655.000000	41.275928	1761	0.000000
281474976710655.000000	34.351952	1762	0.000000
281474976710655.000000	40.911755	1763	0.000000
281474976710655.000000	41.064419	1764	0.000000
281474976710655.000000	41.551029	1765	0.000000
281474976710655.000000	38.150879	1766	0.000000
281474976710655.000000	41.225677	1767	0.000000
281474976710655.000000	40.682171	1768	0.000000
281474976710655.000000	47.528152	1769	0.000000
281474976710655.000000	50.971210	1770	0.000000
281474976710655.000000	34.981049	1771	0.000000
281474976710655.000000	33.647682	1772	0.000000
281474976710655.000000	40.810955	1773	0.000000
281474976710655.000000	40.407658	1774	0.000000
281474976710655.000000	33.733990	1775	0.000000
281474976710655.000000	40.716084	1776	0.000000
281474976710655.000000	43.988590	1777	0.000000
281474976710655.000000	40.144020	1778	0.000000
281474976710655.000000	40.413879	1779	0.000000
281474976710655.000000	41.001690	1780	0.000000
281474976710655.000000	40.594326	1781	0.000000
281474976710655.000000	40.399750	1782	0.000000
281474976710655.000000	37.641994	1783	0.000000
281474976710655.000000	40.067818	1784	0.000000
281474976710655.000000	39.885242	1785	0.000000
281474976710655.000000	37.085495	1786	0.000000
281474976710655.000000	39.881824	1787	0.000000
281474976710655.000000	40.324711	1788	0.000000
281474976710655.000000	35.797897	1789	0.000000
281474976710655.000000	39.879620	1790	0.000000
281474976710655.000000	38.778320	1791	0.000000
281474976710655.000000	38.892681	1792	0.000000
281474976710655.000000	48.960018	1793	0.000000
281474976710655.000000	39.251049	1794	0.000000
281474976710655.000000	39.142231	1795	0.000000
281474976710655.000000	34.287163	1796	0.000000
281474976710655.000000	39.124298	1797	0.000000
281474976710655.000000	38.569588	1798	0.000000
281474976710655.000000	37.281921	1799	0.000000
281474976710655.000000	38.602455	1800	0.000000
281474976710655.000000	39.334793	1801	0.000000
281474976710655.000000	39.110409	1802	0.000000
281474976710655.000000	39.427608	1803	0.000000
281474976710655.000000	39.525761	1804	0.000000
281474976710655.000000	39.258373	1805	0.000000
281474976710655.000000	37.971611	1806	0.000000
281474976710655.000000	38.657322	1807	0.000000
281474976710655.000000	38.734825	1808	0.000000
281474976710655.000000	38.427822	1809	0.000000
281474976710655.000000	39.487370	1810	0.000000
281474976710655.000000	38.680676	1811	0.000000
281474976710655.000000	38.420723	1812	0.000000
281474976710655.000000	38.716503	1813	0.000000
281474976710655.000000	38.340664	1814	0.000000
281474976710655.000000	41.585674	1815	0.000000
281474976710655.000000	31.696198	1816	0.000000
281474976710655.000000	38.138905	1817	0.000000
281474976710655.000000	37.543156	1818	0.000000
281474976710655.000000	38.077690	1819	0.000000
281474976710655.000000	37.514694	1820	0.000000
281474976710655.000000	41.491661	1821	0.000000
281474976710655.000000	37.802181	1822	0.000000
281474976710655.000000	35.596977	1823	0.000000
281474976710655.000000	37.566113	1824	0.000000
281474976710655.000000	39.258224	1825	0.000000
281474976710655.000000	35.212872	1826	0.000000
281474976710655.000000	38.102535	1827	0.000000
281474976710655.000000	38.108925	1828	0.000000
281474976710655.000000	38.083542	1829	0.000000
281474976710655.000000	32.764488	1830	0.000000
281474976710655.000000	37.671146	1831	0.000000
281474976710655.000000	37.048740	1832	0.000000
281474976710655.000000	38.006676	1833	0.000000
281474976710655.000000	37.431370	1834	0.000000
281474976710655.000000	36.933041	1835	0.000000
281474976710655.000000	37.264538	1836	0.000000
281474976710655.000000	37.222908	1837	0.000000
281474976710655.000000	42.824223	1838	0.000000
281474976710655.000000	38.692726	1839	0.000000
281474976710655.000000	40.214638	1840	0.000000
281474976710655.000000	33.289047	1841	0.000000
281474976710655.000000	37.318707	1842	0.000000
281474976710655.000000	39.794903	1843	0.000000
281474976710655.000000	36.487965	1844	0.000000
281474976710655.000000	35.095844	1845	0.000000
281474976710655.000000	33.243401	1846	0.000000
281474976710655.000000	36.606529	1847	0.000000
281474976710655.000000	34.813507	1848	0.000000
281474976710655.000000	36.476357	1849	0.000000
281474976710655.000000	36.211189	1850	0.000000
281474976710655.000000	36.945244	1851	0.000000
281474976710655.000000	36.244057	1852	0.000000
281474976710655.000000	39.920177	1853	0.000000
281474976710655.000000	36.616653	1854	0.000000
281474976710655.000000	31.508072	1855	0.000000
281474976710655.000000	36.140827	1856	0.000000
281474976710655.000000	31.923012	1857	0.000000
281474976710655.000000	35.782452	1858	0.000000
281474976710655.000000	39.415615	1859	0.000000
281474976710655.000000	34.294037	1860	0.000000
281474976710655.000000	35.724304	1861	0.000000
281474976710655.000000	38.983990	1862	0.000000
281474976710655.000000	39.273727	1863	0.000000
281474976710655.000000	33.490295	1864	0.000000
281474976710655.000000	36.110638	1865	0.000000
281474976710655.000000	33.869091	1866	0.000000
281474976710655.000000	35.642185	1867	0.000000
281474976710655.000000	36.661232	1868	0.000000
281474976710655.000000	32.156445	1869	0.000000
281474976710655.000000	31.720339	1870	0.000000
281474976710655.000000	38.979343	1871	0.000000
281474976710655.000000	33.417248	1872	0.000000
281474976710655.000000	35.334240	1873	0.000000
281474976710655.000000	35.494816	1874	0.000000
281474976710655.000000	31.021280	1875	0.000000
281474976710655.000000	39.120926	1876	0.000000
281474976710655.000000	31.150875	1877	0.000000
281474976710655.000000	35.246391	1878	0.000000
281474976710655.000000	35.053276	1879	0.000000
281474976710655.000000	34.816135	1880	0.000000
281474976710655.000000	34.976765	1881	0.000000
281474976710655.000000	36.864250	1882	0.000000
281474976710655.000000	34.886005	1883	0.000000
281474976710655.000000	34.704552	1884	0.000000
281474976710655.000000	34.806034	1885	0.000000
281474976710655.000000	35.854565	1886	0.000000
281474976710655.000000	31.221382	1887	0.000000
281474976710655.000000	34.146805	1888	0.000000
281474976710655.000000	38.295631	1889	0.000000
281474976710655.000000	37.268421	1890	0.000000
281474976710655.000000	34.452896	1891	0.000000
281474976710655.000000	34.477707	1892	0.000000
281474976710655.000000	35.427666	1893	0.000000
281474976710655.000000	33.524864	1894	0.000000
281474976710655.000000	31.279291	1895	0.000000
281474976710655.000000	30.601070	1896	0.000000
281474976710655.000000	37.393227	1897	0.000000
281474976710655.000000	32.073875	1898	0.000000
281474976710655.000000	33.974289	1899	0.000000
281474976710655.000000	33.590710	1900	0.000000
281474976710655.000000	30.970041	1901	0.000000
281474976710655.000000	35.894444	1902	0.000000
281474976710655.000000	33.842567	1903	0.000000
281474976710655.000000	34.034386	1904	0.000000
281474976710655.000000	33.702896	1905	0.000000
281474976710655.000000	33.529770	1906	0.000000
281474976710655.000000	33.299507	1907	0.000000
281474976710655.000000	30.695702	1908	0.000000
281474976710655.000000	36.980324	1909	0.000000
281474976710655.000000	31.827593	1910	0.000000
281474976710655.000000	29.237774	1911	0.000000
281474976710655.000000	33.719730	1912	0.000000
281474976710655.000000	31.854626	1913	0.000000
281474976710655.000000	33.213688	1914	0.000000
281474976710655.000000	33.982399	1915	0.000000
281474976710655.000000	34.861671	1916	0.000000
281474976710655.000000	30.038568	1917	0.000000
281474976710655.000000	31.363117	1918	0.000000
281474976710655.000000	30.099863	1919	0.000000
281474976710655.000000	36.629242	1920	0.000000
281474976710655.000000	33.366901	1921	0.000000
281474976710655.000000	34.695114	1922	0.000000
281474976710655.000000	30.153761	1923	0.000000
281474976710655.000000	32.803730	1924	0.000000
281474976710655.000000	32.073174	1925	0.000000
281474976710655.000000	32.502781	1926	0.000000
281474976710655.000000	33.278458	1927	0.000000
281474976710655.000000	32.553574	1928	0.000000
281474976710655.000000	33.088871	1929	0.000000
281474976710655.000000	34.133907	1930	0.000000
281474976710655.000000	32.669415	1931	0.000000
281474976710655.000000	32.122501	1932	0.000000
281474976710655.000000	31.096861	1933	0.000000
281474976710655.000000	31.991985	1934	0.000000
281474976710655.000000	32.503792	1935	0.000000
281474976710655.000000	35.406433	1936	0.000000
281474976710655.000000	29.112103	1937	0.000000
281474976710655.000000	32.200310	1938	0.000000
281474976710655.000000	32.632210	1939	0.000000
281474976710655.000000	30.257940	1940	0.000000
281474976710655.000000	32.379047	1941	0.000000
281474976710655.000000	32.255260	1942	0.000000
281474976710655.000000	32.219589	1943	0.000000
281474976710655.000000	30.340088	1944	0.000000
281474976710655.000000	32.605991	1945	0.000000
281474976710655.000000	28.656010	1946	0.000000
281474976710655.000000	32.210594	1947	0.000000
281474976710655.000000	34.537201	1948	0.000000
281474976710655.000000	32.943935	1949	0.000000
281474976710655.000000	32.805435	1950	0.000000
281474976710655.000000	29.541857	1951	0.000000
281474976710655.000000	33.669498	1952	0.000000
281474976710655.000000	34.875404	1953	0.000000
281474976710655.000000	30.032091	1954	0.000000
281474976710655.000000	27.488806	1955	0.000000
281474976710655.000000	35.430164	1956	0.000000
281474976710655.000000	29.978548	1957	0.000000
281474976710655.000000	28.130581	1958	0.000000
281474976710655.000000	29.431677	1959	0.000000
281474976710655.000000	29.088596	1960	0.000000
281474976710655.000000	28.885221	1961	0.000000
281474976710655.000000	35.237640	1962	0.000000
281474976710655.000000	33.574085	1963	0.000000
281474976710655.000000	31.098463	1964	0.000000
281474976710655.000000	31.535789	1965	0.000000
281474976710655.000000	31.116161	1966	0.000000
281474976710655.000000	35.095070	1967	0.000000
281474976710655.000000	30.809767	1968	0.000000
281474976710655.000000	34.766899	1969	0.000000
281474976710655.000000	30.405275	1970	0.000000
281474976710655.000000	31.456572	1971	0.000000
281474976710655.000000	28.164841	1972	0.000000
281474976710655.000000	33.270065	1973	0.000000
281474976710655.000000	33.138683	1974	0.000000
281474976710655.000000	29.661940	1975	0.000000
281474976710655.000000	30.287380	1976	0.000000
281474976710655.000000	32.006187	1977	0.000000
281474976710655.000000	30.135069	1978	0.000000
281474976710655.000000	30.901688	1979	0.000000
281474976710655.000000	31.077959	1980	0.000000
281474976710655.000000	28.606268	1981	0.000000
281474976710655.000000	28.519855	1982	0.000000
281474976710655.000000	30.503325	1983	0.000000
281474976710655.000000	27.653858	1984	0.000000
281474976710655.000000	32.829819	1985	0.000000
281474976710655.000000	28.754101	1986	0.000000
281474976710655.000000	30.226938	1987	0.000000
281474976710655.000000	30.240252	1988	0.000000
281474976710655.000000	28.812351	1989	0.000000
281474976710655.000000	33.068031	1990	0.000000
281474976710655.000000	30.502310	1991	0.000000
281474976710655.000000	30.181168	1992	0.000000
281474976710655.000000	29.661999	1993	0.000000
281474976710655.000000	26.879206	1994	0.000000
281474976710655.000000	32.837624	1995	0.000000
281474976710655.000000	29.383045	1996	0.000000
281474976710655.000000	27.950645	1997	0.000000
281474976710655.000000	32.023994	1998	0.000000
281474976710655.000000	28.022799	1999	0.000000
281474976710655.000000	32.606838	2000	0.000000
281474976710655.000000	30.761307	2001	0.000000
281474976710655.000000	29.637793	2002	0.000000
281474976710655.000000	29.299875	2003	0.000000
281474976710655.000000	28.543606	2004	0.000000
281474976710655.000000	32.737816	2005	0.000000
281474976710655.000000	28.763315	2006	0.000000
281474976710655.000000	28.436352	2007	0.000000
281474976710655.000000	28.057697	2008	0.000000
281474976710655.000000	29.919649	2009	0.000000
281474976710655.000000	26.722097	2010	0.000000
281474976710655.000000	30.640062	2011	0.000000
281474976710655.000000	28.328142	2012	0.000000
281474976710655.000000	31.756128	2013	0.000000
281474976710655.000000	26.784464	2014	0.000000
281474976710655.000000	29.754343	2015	0.000000
281474976710655.000000	28.383417	2016	0.000000
281474976710655.000000	27.954088	2017	0.000000
281474976710655.000000	29.165033	2018	0.000000
281474976710655.000000	28.643452	2019	0.000000
281474976710655.000000	29.084932	2020	0.000000
281474976710655.000000	26.674433	2021	0.000000
281474976710655.000000	28.311415	2022	0.000000
281474976710655.000000	28.461147	2023	0.000000
281474976710655.000000	28.666651	2024	0.000000
281474976710655.000000	28.742929	2025	0.000000
281474976710655.000000	26.452997	2026	0.000000
281474976710655.000000	28.461672	2027	0.000000
281474976710655.000000	28.127413	2028	0.000000
281474976710655.000000	28.813414	2029	0.000000
281474976710655.000000	27.796141	2030	0.000000
281474976710655.000000	26.121946	2031	0.000000
281474976710655.000000	28.401222	2032	0.000000
281474976710655.000000	26.019926	2033	0.000000
281474976710655.000000	25.675856	2034	0.000000
281474976710655.000000	28.577457	2035	0.000000
281474976710655.000000	26.694952	2036	0.000000
281474976710655.000000	31.243446	2037	0.000000
281474976710655.000000	28.669380	2038	0.000000
281474976710655.000000	27.924452	2039	0.000000
281474976710655.000000	28.129602	2040	0.000000
281474976710655.000000	26.298378	2041	0.000000
281474976710655.000000	28.605068	2042	0.000000
281474976710655.000000	27.609016	2043	0.000000
281474976710655.000000	30.647936	2044	0.000000
281474976710655.000000	27.496460	2045	0.000000
281474976710655.000000	26.210867	2046	0.000000
281474976710655.000000	25.681040	2047	0.000000
281474976710655.000000	28.193518	2048	0.000000
281474976710655.000000	27.929365	2049	0.000000
281474976710655.000000	27.640249	2050	0.000000
281474976710655.000000	29.156401	2051	0.000000
281474976710655.000000	29.175581	2052	0.000000
281474976710655.000000	26.951199	2053	0.000000
281474976710655.000000	28.862835	2054	0.000000
281474976710655.000000	28.865892	2055	0.000000
281474976710655.000000	26.020878	2056	0.000000
281474976710655.000000	25.915321	2057	0.000000
281474976710655.000000	27.299322	2058	0.000000
281474976710655.000000	28.070509	2059	0.000000
281474976710655.000000	25.429165	2060	0.000000
281474976710655.000000	27.642488	2061	0.000000
281474976710655.000000	27.189833	2062	0.000000
281474976710655.000000	27.235620	2063	0.000000
281474976710655.000000	26.971024	2064	0.000000
281474976710655.000000	26.803764	2065	0.000000
281474976710655.000000	26.545843	2066	0.000000
281474976710655.000000	27.503124	2067	0.000000
281474976710655.000000	26.938641	2068	0.000000
281474976710655.000000	26.840363	2069	0.000000
281474976710655.000000	27.078976	2070	0.000000
281474976710655.000000	29.129917	2071	0.000000
281474976710655.000000	26.212265	2072	0.000000
281474976710655.000000	25.271566	2073	0.000000
281474976710655.000000	28.659061	2074	0.000000
281474976710655.000000	26.329786	2075	0.000000
281474976710655.000000	26.508743	2076	0.000000
281474976710655.000000	24.546339	2077	0.000000
281474976710655.000000	26.386742	2078	0.000000
281474976710655.000000	26.433718	2079	0.000000
281474976710655.000000	25.911917	2080	0.000000
281474976710655.000000	26.748636	2081	0.000000
281474976710655.000000	26.433212	2082	0.000000
281474976710655.000000	26.355743	2083	0.000000
281474976710655.000000	26.699873	2084	0.000000
281474976710655.000000	25.417938	2085	0.000000
281474976710655.000000	25.414515	2086	0.000000
281474976710655.000000	26.586740	2087	0.000000
281474976710655.000000	25.813520	2088	0.000000
281474976710655.000000	26.728514	2089	0.000000
281474976710655.000000	24.450085	2090	0.000000
281474976710655.000000	26.300625	2091	0.000000
281474976710655.000000	25.002680	2092	0.000000
281474976710655.000000	28.809999	2093	0.000000
281474976710655.000000	25.408442	2094	0.000000
281474976710655.000000	26.743206	2095	0.000000
281474976710655.000000	27.559298	2096	0.000000
281474976710655.000000	25.303888	2097	0.000000
281474976710655.000000	24.485582	2098	0.000000
281474976710655.000000	26.089127	2099	0.000000
281474976710655.000000	26.467892	2100	0.000000
281474976710655.000000	24.861015	2101	0.000000
281474976710655.000000	25.138418	2102	0.000000
281474976710655.000000	25.571650	2103	0.000000
281474976710655.000000	25.901056	2104	0.000000
281474976710655.000000	25.494799	2105	0.000000
281474976710655.000000	24.936590	2106	0.000000
281474976710655.000000	24.876812	2107	0.000000
281474976710655.000000	24.950836	2108	0.000000
281474976710655.000000	25.755449	2109	0.000000
281474976710655.000000	23.790707	2110	0.000000
281474976710655.000000	23.272455	2111	0.000000
281474976710655.000000	24.792587	2112	0.000000
281474976710655.000000	25.616873	2113	0.000000
281474976710655.000000	25.226345	2114	0.000000
281474976710655.000000	24.692938	2115	0.000000
281474976710655.000000	25.041357	2116	0.000000
281474976710655.000000	24.422239	2117	0.000000
281474976710655.000000	24.523998	2118	0.000000
281474976710655.000000	25.986307	2119	0.000000
281474976710655.000000	25.686012	2120	0.000000
281474976710655.000000	24.240599	2121	0.000000
281474976710655.000000	23.623690	2122	0.000000
281474976710655.000000	24.929588	2123	0.000000
281474976710655.000000	26.431389	2124	0.000000
281474976710655.000000	24.263580	2125	0.000000
281474976710655.000000	24.049717	2126	0.000000
281474976710655.000000	25.575100	2127	0.000000
281474976710655.000000	24.048763	2128	0.000000
281474976710655.000000	23.453554	2129	0.000000
281474976710655.000000	22.456354	2130	0.000000
281474976710655.000000	25.887997	2131	0.000000
281474976710655.000000	23.907616	2132	0.000000
281474976710655.000000	24.770063	2133	0.000000
281474976710655.000000	23.261299	2134	0.000000
281474976710655.000000	23.080677	2135	0.000000
281474976710655.000000	23.817303	2136	0.000000
281474976710655.000000	24.472496	2137	0.000000
281474976710655.000000	23.705370	2138	0.000000
281474976710655.000000	24.668278	2139	0.000000
281474976710655.000000	24.759445	2140	0.000000
281474976710655.000000	24.265310	2141	0.000000
281474976710655.000000	23.000673	2142	0.000000
281474976710655.000000	23.701002	2143	0.000000
281474976710655.000000	23.763960	2144	0.000000
281474976710655.000000	25.551710	2145	0.000000
281474976710655.000000	24.070829	2146	0.000000
281474976710655.000000	23.843239	2147	0.000000
281474976710655.000000	25.038137	2148	0.000000
281474976710655.000000	23.501312	2149	0.000000
281474976710655.000000	23.573071	2150	0.000000
281474976710655.000000	24.665783	2151	0.000000
281474976710655.000000	23.160229	2152	0.000000
281474976710655.000000	23.302034	2153	0.000000
281474976710655.000000	22.740852	2154	0.000000
281474976710655.000000	22.224106	2155	0.000000
281474976710655.000000	23.805382	2156	0.000000
281474976710655.000000	23.769501	2157	0.000000
281474976710655.000000	21.937120	2158	0.000000
281474976710655.000000	23.741882	2159	0.000000
281474976710655.000000	24.394970	2160	0.000000
281474976710655.000000	23.443048	2161	0.000000
281474976710655.000000	23.607668	2162	0.000000
281474976710655.000000	23.904339	2163	0.000000
281474976710655.000000	22.001087	2164	0.000000
281474976710655.000000	24.138275	2165	0.000000
281474976710655.000000	22.729836	2166	0.000000
281474976710655.000000	23.001257	2167	0.000000
281474976710655.000000	21.947765	2168	0.000000
281474976710655.000000	22.071928	2169	0.000000
281474976710655.000000	21.787607	2170	0.000000
281474976710655.000000	22.382124	2171	0.000000
281474976710655.000000	22.961981	2172	0.000000
281474976710655.000000	22.830765	2173	0.000000
281474976710655.000000	23.156757	2174	0.000000
281474976710655.000000	23.255711	2175	0.000000
281474976710655.000000	22.107658	2176	0.000000
281474976710655.000000	23.154346	2177	0.000000
281474976710655.000000	22.512146	2178	0.000000
281474976710655.000000	23.401133	2179	0.000000
281474976710655.000000	22.736771	2180	0.000000
281474976710655.000000	22.057974	2181	0.000000
281474976710655.000000	22.178717	2182	0.000000
281474976710655.000000	22.947769	2183	0.000000
281474976710655.000000	22.121691	2184	0.000000
281474976710655.000000	21.836452	2185	0.000000
281474976710655.000000	22.258074	2186	0.000000
281474976710655.000000	22.246691	2187	0.000000
281474976710655.000000	21.879623	2188	0.000000
281474976710655.000000	22.905746	2189	0.000000
281474976710655.000000	22.132812	2190	0.000000
281474976710655.000000	21.761923	2191	0.000000
281474976710655.000000	22.021679	2192	0.000000
281474976710655.000000	22.789099	2193	0.000000
281474976710655.000000	21.884420	2194	0.000000
281474976710655.000000	21.765013	2195	0.000000
281474976710655.000000	21.165390	2196	0.000000
281474976710655.000000	22.042675	2197	0.000000
281474976710655.000000	21.398111	2198	0.000000
281474976710655.000000	22.153084	2199	0.000000
281474976710655.000000	22.462048	2200	0.000000
281474976710655.000000	22.335770	2201	0.000000
281474976710655.000000	21.804310	2202	0.000000
281474976710655.000000	21.862152	2203	0.000000
281474976710655.000000	20.799084	2204	0.000000
281474976710655.000000	21.965477	2205	0.000000
281474976710655.000000	20.903107	2206	0.000000
281474976710655.000000	21.416122	2207	0.000000
281474976710655.000000	20.940886	2208	0.000000
281474976710655.000000	21.250484	2209	0.000000
281474976710655.000000	21.095404	2210	0.000000
281474976710655.000000	21.917818	2211	0.000000
281474976710655.000000	21.190746	2212	0.000000
281474976710655.000000	22.341749	2213	0.000000
281474976710655.000000	20.572107	2214	0.000000
281474976710655.000000	21.132334	2215	0.000000
281474976710655.000000	21.906452	2216	0.000000
281474976710655.000000	21.555265	2217	0.000000
281474976710655.000000	20.540850	2218	0.000000
281474976710655.000000	20.947502	2219	0.000000
281474976710655.000000	20.518496	2220	0.000000
281474976710655.000000	21.685791	2221	0.000000
281474976710655.000000	20.464020	2222	0.000000
281474976710655.000000	21.381786	2223	0.000000
281474976710655.000000	21.789137	2224	0.000000
281474976710655.000000	20.650528	2225	0.000000
281474976710655.000000	20.204496	2226	0.000000
281474976710655.000000	21.057535	2227	0.000000
281474976710655.000000	20.922752	2228	0.000000
281474976710655.000000	21.010229	2229	0.000000
281474976710655.000000	20.277216	2230	0.000000
281474976710655.000000	20.351414	2231	0.000000
281474976710655.000000	19.677523	2232	0.000000
281474976710655.000000	21.724571	2233	0.000000
281474976710655.000000	20.457663	2234	0.000000
281474976710655.000000	20.481356	2235	0.000000
281474976710655.000000	20.400349	2236	0.000000
281474976710655.000000	20.342571	2237	0.000000
281474976710655.000000	19.992006	2238	0.000000
281474976710655.000000	20.605938	2239	0.000000
281474976710655.000000	19.874762	2240	0.000000
281474976710655.000000	21.015429	2241	0.000000
281474976710655.000000	20.196775	2242	0.000000
281474976710655.000000	20.143503	2243	0.000000
281474976710655.000000	19.773045	2244	0.000000
281474976710655.000000	19.968716	2245	0.000000
281474976710655.000000	19.341625	2246	0.000000
281474976710655.000000	20.251305	2247	0.000000
281474976710655.000000	19.282322	2248	0.000000
281474976710655.000000	20.124676	2249	0.000000
281474976710655.000000	19.533508	2250	0.000000
281474976710655.000000	19.933964	2251	0.000000
281474976710655.000000	19.065788	2252	0.000000
281474976710655.000000	20.496128	2253	0.000000
281474976710655.000000	19.989874	2254	0.000000
281474976710655.000000	19.574787	2255	0.000000
281474976710655.000000	19.775579	2256	0.000000
281474976710655.000000	20.437466	2257	0.000000
281474976710655.000000	19.056923	2258	0.000000
281474976710655.000000	20.216536	2259	0.000000
281474976710655.000000	19.377310	2260	0.000000
281474976710655.000000	19.522753	2261	0.000000
281474976710655.000000	19.456827	2262	0.000000
281474976710655.000000	19.824295	2263	0.000000
281474976710655.000000	18.991522	2264	0.000000
281474976710655.000000	19.802063	2265	0.000000
281474976710655.000000	18.967485	2266	0.000000
281474976710655.000000	19.168961	2267	0.000000
281474976710655.000000	18.558552	2268	0.000000
281474976710655.000000	19.346266	2269	0.000000
281474976710655.000000	18.936546	2270	0.000000
281474976710655.000000	18.948866	2271	0.000000
281474976710655.000000	18.426552	2272	0.000000
281474976710655.000000	19.669432	2273	0.000000
281474976710655.000000	18.825428	2274	0.000000
281474976710655.000000	18.349854	2275	0.000000
281474976710655.000000	18.281431	2276	0.000000
281474976710655.000000	19.478378	2277	0.000000
281474976710655.000000	18.477886	2278	0.000000
281474976710655.000000	18.900471	2279	0.000000
281474976710655.000000	18.619423	2280	0.000000
281474976710655.000000	18.764336	2281	0.000000
281474976710655.000000	18.320900	2282	0.000000
281474976710655.000000	19.311333	2283	0.000000
281474976710655.000000	17.991053	2284	0.000000
281474976710655.000000	18.802223	2285	0.000000
281474976710655.000000	19.097809	2286	0.000000
281474976710655.000000	18.714191	2287	0.000000
281474976710655.000000	18.103220	2288	0.000000
281474976710655.000000	19.262552	2289	0.000000
281474976710655.000000	18.104548	2290	0.000000
281474976710655.000000	18.633123	2291	0.000000
281474976710655.000000	18.240932	2292	0.000000
281474976710655.000000	18.932968	2293	0.000000
281474976710655.000000	18.216749	2294	0.000000
281474976710655.000000	18.471449	2295	0.000000
281474976710655.000000	17.699427	2296	0.000000
281474976710655.000000	19.159569	2297	0.000000
281474976710655.000000	18.144270	2298	0.000000
281474976710655.000000	18.825882	2299	0.000000
281474976710655.000000	17.444592	2300	0.000000
281474976710655.000000	18.228539	2301	0.000000
281474976710655.000000	17.379099	2302	0.000000
281474976710655.000000	18.547512	2303	0.000000
281474976710655.000000	17.807838	2304	0.000000
281474976710655.000000	18.065426	2305	0.000000
281474976710655.000000	17.430311	2306	0.000000
281474976710655.000000	17.924307	2307	0.000000
281474976710655.000000	17.331242	2308	0.000000
281474976710655.000000	18.954517	2309	0.000000
281474976710655.000000	17.659155	2310	0.000000
281474976710655.000000	18.050463	2311	0.000000
281474976710655.000000	17.751696	2312	0.000000
281474976710655.000000	17.379442	2313	0.000000
281474976710655.000000	17.224066	2314	0.000000
281474976710655.000000	17.904417	2315	0.000000
281474976710655.000000	16.949383	2316	0.000000
281474976710655.000000	17.309017	2317	0.000000
281474976710655.000000	17.017227	2318	0.000000
281474976710655.000000	17.172838	2319	0.000000
281474976710655.000000	17.106627	2320	0.000000
281474976710655.000000	17.457167	2321	0.000000
281474976710655.000000	16.537823	2322	0.000000
281474976710655.000000	17.498936	2323	0.000000
281474976710655.000000	17.187656	2324	0.000000
281474976710655.000000	17.326214	2325	0.000000
281474976710655.000000	16.924740	2326	0.000000
281474976710655.000000	16.727425	2327	0.000000
281474976710655.000000	16.615324	2328	0.000000
281474976710655.000000	17.317575	2329	0.000000
281474976710655.000000	16.607344	2330	0.000000
281474976710655.000000	17.717810	2331	0.000000
281474976710655.000000	16.306499	2332	0.000000
281474976710655.000000	16.532770	2333	0.000000
281474976710655.000000	16.295185	2334	0.000000
281474976710655.000000	17.399511	2335	0.000000
281474976710655.000000	16.904734	2336	0.000000
281474976710655.000000	17.654535	2337	0.000000
281474976710655.000000	16.894114	2338	0.000000
281474976710655.000000	17.232121	2339	0.000000
281474976710655.000000	16.632030	2340	0.000000
281474976710655.000000	17.068367	2341	0.000000
281474976710655.000000	16.221231	2342	0.000000
281474976710655.000000	17.581337	2343	0.000000
281474976710655.000000	16.552862	2344	0.000000
281474976710655.000000	16.721222	2345	0.000000
281474976710655.000000	16.617161	2346	0.000000
281474976710655.000000	16.470755	2347	0.000000
281474976710655.000000	16.240763	2348	0.000000
281474976710655.000000	17.041063	2349	0.000000
281474976710655.000000	16.667879	2350	0.000000
281474976710655.000000	16.990576	2351	0.000000
281474976710655.000000	15.853897	2352	0.000000
281474976710655.000000	16.523371	2353	0.000000
281474976710655.000000	15.812993	2354	0.000000
281474976710655.000000	16.980183	2355	0.000000
281474976710655.000000	16.053295	2356	0.000000
281474976710655.000000	16.673965	2357	0.000000
281474976710655.000000	16.041443	2358	0.000000
281474976710655.000000	16.053059	2359	0.000000
281474976710655.000000	15.339292	2360	0.000000
281474976710655.000000	16.627607	2361	0.000000
281474976710655.000000	15.745327	2362	0.000000
281474976710655.000000	16.199663	2363	0.000000
281474976710655.000000	15.841606	2364	0.000000
281474976710655.000000	15.992164	2365	0.000000
281474976710655.000000	15.251167	2366	0.000000
281474976710655.000000	16.425962	2367	0.000000
281474976710655.000000	15.180003	2368	0.000000
281474976710655.000000	16.314663	2369	0.000000
281474976710655.000000	15.403685	2370	0.000000
281474976710655.000000	15.546732	2371	0.000000
281474976710655.000000	15.480118	2372	0.000000
281474976710655.000000	16.393400	2373	0.000000
281474976710655.000000	15.388455	2374	0.000000
281474976710655.000000	16.147167	2375	0.000000
281474976710655.000000	15.166484	2376	0.000000
281474976710655.000000	15.680313	2377	0.000000
281474976710655.000000	14.868854	2378	0.000000
281474976710655.000000	15.616615	2379	0.000000
281474976710655.000000	15.062198	2380	0.000000
281474976710655.000000	16.439827	2381	0.000000
281474976710655.000000	15.449351	2382	0.000000
281474976710655.000000	15.310219	2383	0.000000
281474976710655.000000	15.217992	2384	0.000000
281474976710655.000000	15.966400	2385	0.000000
281474976710655.000000	14.933651	2386	0.000000
281474976710655.000000	15.513374	2387	0.000000
281474976710655.000000	15.499666	2388	0.000000
281474976710655.000000	15.647329	2389	0.000000
281474976710655.000000	15.145075	2390	0.000000
281474976710655.000000	15.130289	2391	0.000000
281474976710655.000000	14.711305	2392	0.000000
281474976710655.000000	15.549482	2393	0.000000
281474976710655.000000	15.089346	2394	0.000000
281474976710655.000000	15.203271	2395	0.000000
281474976710655.000000	15.079647	2396	0.000000
281474976710655.000000	15.524813	2397	0.000000
281474976710655.000000	14.514236	2398	0.000000
281474976710655.000000	15.031185	2399	0.000000
281474976710655.000000	14.601848	2400	0.000000
281474976710655.000000	15.457993	2401	0.000000
281474976710655.000000	14.566952	2402	0.000000
281474976710655.000000	15.121058	2403	0.000000
281474976710655.000000	14.431833	2404	0.000000
281474976710655.000000	14.967704	2405	0.000000
281474976710655.000000	14.542490	2406	0.000000
281474976710655.000000	15.223804	2407	0.000000
281474976710655.000000	14.845107	2408	0.000000
281474976710655.000000	14.879184	2409	0.000000
281474976710655.000000	14.236316	2410	0.000000
281474976710655.000000	14.985744	2411	0.000000
281474976710655.000000	14.185527	2412	0.000000
281474976710655.000000	14.900779	2413	0.000000
281474976710655.000000	14.535492	2414	0.000000
281474976710655.000000	14.512777	2415	0.000000
281474976710655.000000	14.238989	2416	0.000000
281474976710655.000000	14.434968	2417	0.000000
281474976710655.000000	13.893337	2418	0.000000
281474976710655.000000	15.181228	2419	0.000000
281474976710655.000000	14.027484	2420	0.000000
281474976710655.000000	14.590276	2421	0.000000
281474976710655.000000	14.058890	2422	0.000000
281474976710655.000000	14.751934	2423	0.000000
281474976710655.000000	13.667213	2424	0.000000
281474976710655.000000	14.580882	2425	0.000000
281474976710655.000000	13.997581	2426	0.000000
281474976710655.000000	14.613024	2427	0.000000
281474976710655.000000	14.036004	2428	0.000000
281474976710655.000000	14.191813	2429	0.000000
281474976710655.000000	13.863110	2430	0.000000
281474976710655.000000	14.761225	2431	0.000000
281474976710655.000000	13.589776	2432	0.000000
281474976710655.000000	14.428950	2433	0.000000
281474976710655.000000	13.570864	2434	0.000000
281474976710655.000000	14.194863	2435	0.000000
281474976710655.000000	13.461646	2436	0.000000
281474976710655.000000	14.244452	2437	0.000000
281474976710655.000000	13.550109	2438	0.000000
281474976710655.000000	14.553178	2439	0.000000
281474976710655.000000	13.749366	2440	0.000000
281474976710655.000000	13.878389	2441	0.000000
281474976710655.000000	13.656610	2442	0.000000
281474976710655.000000	14.407028	2443	0.000000
281474976710655.000000	13.392335	2444	0.000000
281474976710655.000000	14.316983	2445	0.000000
281474976710655.000000	13.457702	2446	0.000000
281474976710655.000000	13.672285	2447	0.000000
281474976710655.000000	13.240617	2448	0.000000
281474976710655.000000	13.899367	2449	0.000000
281474976710655.000000	12.952394	2450	0.000000
281474976710655.000000	14.233865	2451	0.000000
281474976710655.000000	13.352822	2452	0.000000
281474976710655.000000	13.892031	2453	0.000000
281474976710655.000000	13.039308	2454	0.000000
281474976710655.000000	13.809148	2455	0.000000
281474976710655.000000	12.795342	2456	0.000000
281474976710655.000000	14.082784	2457	0.000000
281474976710655.000000	13.174740	2458	0.000000
281474976710655.000000	13.433414	2459	0.000000
281474976710655.000000	13.168714	2460	0.000000
281474976710655.000000	13.509277	2461	0.000000
281474976710655.000000	12.601784	2462	0.000000
281474976710655.000000	13.644113	2463	0.000000
281474976710655.000000	12.971678	2464	0.000000
281474976710655.000000	13.510770	2465	0.000000
281474976710655.000000	12.976949	2466	0.000000
281474976710655.000000	13.081176	2467	0.000000
281474976710655.000000	12.689005	2468	0.000000
281474976710655.000000	13.632853	2469	0.000000
281474976710655.000000	12.662408	2470	0.000000
281474976710655.000000	13.344651	2471	0.000000
281474976710655.000000	12.568831	2472	0.000000
281474976710655.000000	13.187577	2473	0.000000
281474976710655.000000	12.305387	2474	0.000000
281474976710655.000000	13.301729	2475	0.000000
281474976710655.000000	12.527171	2476	0.000000
281474976710655.000000	13.477888	2477	0.000000
281474976710655.000000	12.596527	2478	0.000000
281474976710655.000000	12.893102	2479	0.000000
281474976710655.000000	12.383443	2480	0.000000
281474976710655.000000	13.124825	2481	0.000000
281474976710655.000000	12.098148	2482	0.000000
281474976710655.000000	13.089457	2483	0.000000
281474976710655.000000	12.372374	2484	0.000000
281474976710655.000000	12.642341	2485	0.000000
281474976710655.000000	12.260509	2486	0.000000
281474976710655.000000	12.710816	2487	0.000000
281474976710655.000000	12.006593	2488	0.000000
281474976710655.000000	12.923455	2489	0.000000
281474976710655.000000	12.240231	2490	0.000000
281474976710655.000000	12.810769	2491	0.000000
281474976710655.000000	12.277799	2492	0.000000
281474976710655.000000	12.631944	2493	0.000000
281474976710655.000000	12.081840	2494	0.000000
281474976710655.000000	12.839123	2495	0.000000
281474976710655.000000	12.269061	2496	0.000000
281474976710655.000000	12.896422	2497	0.000000
281474976710655.000000	12.099012	2498	0.000000
281474976710655.000000	12.337828	2499	0.000000
281474976710655.000000	11.917887	2500	0.000000
281474976710655.000000	12.842763	2501	0.000000
281474976710655.000000	11.874939	2502	0.000000
281474976710655.000000	12.512752	2503	0.000000
281474976710655.000000	11.916819	2504	0.000000
281474976710655.000000	12.480671	2505	0.000000
281474976710655.000000	11.819171	2506	0.000000
281474976710655.000000	12.559881	2507	0.000000
281474976710655.000000	11.820849	2508	0.000000
281474976710655.000000	12.311563	2509	0.000000
281474976710655.000000	11.698250	2510	0.000000
281474976710655.000000	12.013797	2511	0.000000
281474976710655.000000	11.602861	2512	0.000000
281474976710655.000000	12.465777	2513	0.000000
281474976710655.000000	11.695102	2514	0.000000
281474976710655.000000	12.166400	2515	0.000000
281474976710655.000000	11.635716	2516	0.000000
281474976710655.000000	11.975524	2517	0.000000
281474976710655.000000	11.421456	2518	0.000000
281474976710655.000000	12.206437	2519	0.000000
281474976710655.000000	11.352860	2520	0.000000
281474976710655.000000	12.140065	2521	0.000000
281474976710655.000000	11.555200	2522	0.000000
281474976710655.000000	11.721776	2523	0.000000
281474976710655.000000	11.294194	2524	0.000000
281474976710655.000000	12.057539	2525	0.000000
281474976710655.000000	11.089678	2526	0.000000
281474976710655.000000	12.127973	2527	0.000000
281474976710655.000000	11.305682	2528	0.000000
281474976710655.000000	11.697529	2529	0.000000
281474976710655.000000	11.227000	2530	0.000000
281474976710655.000000	11.686536	2531	0.000000
281474976710655.000000	10.945363	2532	0.000000
281474976710655.000000	11.748012	2533	0.000000
281474976710655.000000	11.323938	2534	0.000000
281474976710655.000000	11.706782	2535	0.000000
281474976710655.000000	11.139132	2536	0.000000
281474976710655.000000	11.594565	2537	0.000000
281474976710655.000000	11.102830	2538	0.000000
281474976710655.000000	11.855473	2539	0.000000
281474976710655.000000	10.866590	2540	0.000000
281474976710655.000000	11.568957	2541	0.000000
281474976710655.000000	11.002409	2542	0.000000
281474976710655.000000	11.462476	2543	0.000000
281474976710655.000000	10.771898	2544	0.000000
281474976710655.000000	11.555968	2545	0.000000
281474976710655.000000	10.748935	2546	0.000000
281474976710655.000000	11.443539	2547	0.000000
281474976710655.000000	10.982133	2548	0.000000
281474976710655.000000	11.192008	2549	0.000000
281474976710655.000000	10.845529	2550	0.000000
281474976710655.000000	11.487271	2551	0.000000
281474976710655.000000	10.572551	2552	0.000000
281474976710655.000000	11.339544	2553	0.000000
281474976710655.000000	10.831299	2554	0.000000
281474976710655.000000	11.202972	2555	0.000000
281474976710655.000000	10.501124	2556	0.000000
281474976710655.000000	11.165587	2557	0.000000
281474976710655.000000	10.490081	2558	0.000000
281474976710655.000000	11.377888	2559	0.000000
281474976710655.000000	10.680575	2560	0.000000
281474976710655.000000	11.021007	2561	0.000000
281474976710655.000000	10.342211	2562	0.000000
281474976710655.000000	10.969675	2563	0.000000
281474976710655.000000	10.465377	2564	0.000000
281474976710655.000000	11.147190	2565	0.000000
281474976710655.000000	10.514773	2566	0.000000
281474976710655.000000	10.955448	2567	0.000000
281474976710655.000000	10.300875	2568	0.000000
281474976710655.000000	10.961931	2569	0.000000
281474976710655.000000	10.251222	2570	0.000000
281474976710655.000000	11.029284	2571	0.000000
281474976710655.000000	10.391861	2572	0.000000
281474976710655.000000	10.759988	2573	0.000000
281474976710655.000000	10.266900	2574	0.000000
281474976710655.000000	10.635478	2575	0.000000
281474976710655.000000	10.225536	2576	0.000000
281474976710655.000000	10.814281	2577	0.000000
281474976710655.000000	10.199912	2578	0.000000
281474976710655.000000	10.747262	2579	0.000000
281474976710655.000000	10.183024	2580	0.000000
281474976710655.000000	10.627406	2581	0.000000
281474976710655.000000	10.037059	2582	0.000000
281474976710655.000000	10.812119	2583	0.000000
281474976710655.000000	10.005072	2584	0.000000
281474976710655.000000	10.723533	2585	0.000000
281474976710655.000000	10.047383	2586	0.000000
281474976710655.000000	10.272258	2587	0.000000
281474976710655.000000	9.869349	2588	0.000000
281474976710655.000000	10.675562	2589	0.000000
281474976710655.000000	9.893837	2590	0.000000
281474976710655.000000	10.529771	2591	0.000000
281474976710655.000000	9.935237	2592	0.000000
281474976710655.000000	10.267515	2593	0.000000
281474976710655.000000	9.704751	2594	0.000000
281474976710655.000000	10.524158	2595	0.000000
281474976710655.000000	9.696109	2596	0.000000
281474976710655.000000	10.335262	2597	0.000000
281474976710655.000000	9.747133	2598	0.000000
281474976710655.000000	10.026168	2599	0.000000
281474976710655.000000	9.631954	2600	0.000000
281474976710655.000000	10.303503	2601	0.000000
281474976710655.000000	9.657928	2602	0.000000
281474976710655.000000	10.296791	2603	0.000000
281474976710655.000000	9.744053	2604	0.000000
281474976710655.000000	10.190646	2605	0.000000
281474976710655.000000	9.578589	2606	0.000000
281474976710655.000000	10.136057	2607	0.000000
281474976710655.000000	9.557561	2608	0.000000
281474976710655.000000	10.253817	2609	0.000000
281474976710655.000000	9.590103	2610	0.000000
281474976710655.000000	9.923708	2611	0.000000
281474976710655.000000	9.500271	2612	0.000000
281474976710655.000000	9.930749	2613	0.000000
281474976710655.000000	9.358692	2614	0.000000
281474976710655.000000	10.169061	2615	0.000000
281474976710655.000000	9.495868	2616	0.000000
281474976710655.000000	9.997748	2617	0.000000
281474976710655.000000	9.460550	2618	0.000000
281474976710655.000000	9.790991	2619	0.000000
281474976710655.000000	9.225145	2620	0.000000
281474976710655.000000	10.016712	2621	0.000000
281474976710655.000000	9.284600	2622	0.000000
281474976710655.000000	9.809235	2623	0.000000
281474976710655.000000	9.341281	2624	0.000000
281474976710655.000000	9.636791	2625	0.000000
281474976710655.000000	9.229935	2626	0.000000
281474976710655.000000	9.832609	2627	0.000000
281474976710655.000000	9.063374	2628	0.000000
281474976710655.000000	9.776045	2629	0.000000
281474976710655.000000	9.233445	2630	0.000000
281474976710655.000000	9.629035	2631	0.000000
281474976710655.000000	9.019691	2632	0.000000
281474976710655.000000	9.720632	2633	0.000000
281474976710655.000000	9.033068	2634	0.000000
281474976710655.000000	9.629767	2635	0.000000
281474976710655.000000	9.019725	2636	0.000000
281474976710655.000000	9.516516	2637	0.000000
281474976710655.000000	8.886884	2638	0.000000
281474976710655.000000	9.468642	2639	0.000000
281474976710655.000000	8.942261	2640	0.000000
281474976710655.000000	9.652454	2641	0.000000
281474976710655.000000	9.001966	2642	0.000000
281474976710655.000000	9.351721	2643	0.000000
281474976710655.000000	8.825367	2644	0.000000
281474976710655.000000	9.456406	2645	0.000000
281474976710655.000000	8.878704	2646	0.000000
281474976710655.000000	9.523400	2647	0.000000
281474976710655.000000	8.853566	2648	0.000000
281474976710655.000000	9.255436	2649	0.000000
281474976710655.000000	8.754982	2650	0.000000
281474976710655.000000	9.113214	2651	0.000000
281474976710655.000000	8.756090	2652	0.000000
281474976710655.000000	9.441546	2653	0.000000
281474976710655.000000	8.787565	2654	0.000000
281474976710655.000000	9.260692	2655	0.000000
281474976710655.000000	8.681510	2656	0.000000
281474976710655.000000	9.169462	2657	0.000000
281474976710655.000000	8.601265	2658	0.000000
281474976710655.000000	9.212880	2659	0.000000
281474976710655.000000	8.744283	2660	0.000000
281474976710655.000000	9.054572	2661	0.000000
281474976710655.000000	8.690320	2662	0.000000
281474976710655.000000	9.109388	2663	0.000000
281474976710655.000000	8.476026	2664	0.000000
281474976710655.000000	9.137176	2665	0.000000
281474976710655.000000	8.500872	2666	0.000000
281474976710655.000000	9.019066	2667	0.000000
281474976710655.000000	8.490052	2668	0.000000
281474976710655.000000	8.933075	2669	0.000000
281474976710655.000000	8.361750	2670	0.000000
281474976710655.000000	8.945637	2671	0.000000
281474976710655.000000	8.329731	2672	0.000000
281474976710655.000000	9.030585	2673	0.000000
281474976710655.000000	8.502842	2674	0.000000
281474976710655.000000	8.799709	2675	0.000000
281474976710655.000000	8.339309	2676	0.000000
281474976710655.000000	8.911519	2677	0.000000
281474976710655.000000	8.301758	2678	0.000000
281474976710655.000000	8.968687	2679	0.000000
281474976710655.000000	8.340551	2680	0.000000
281474976710655.000000	8.735822	2681	0.000000
281474976710655.000000	8.278146	2682	0.000000
281474976710655.000000	8.857370	2683	0.000000
281474976710655.000000	8.225059	2684	0.000000
281474976710655.000000	8.798896	2685	0.000000
281474976710655.000000	8.188090	2686	0.000000
281474976710655.000000	8.659954	2687	0.000000
281474976710655.000000	8.138217	2688	0.000000
281474976710655.000000	8.547981	2689	0.000000
281474976710655.000000	8.110307	2690	0.000000
281474976710655.000000	8.776379	2691	0.000000
281474976710655.000000	8.155585	2692	0.000000
281474976710655.000000	8.639032	2693	0.000000
281474976710655.000000	8.134174	2694	0.000000
281474976710655.000000	8.507333	2695	0.000000
281474976710655.000000	7.935501	2696	0.000000
281474976710655.000000	8.537376	2697	0.000000
281474976710655.000000	7.978383	2698	0.000000
281474976710655.000000	8.495938	2699	0.000000
281474976710655.000000	8.017466	2700	0.000000
281474976710655.000000	8.329818	2701	0.000000
281474976710655.000000	7.948987	2702	0.000000
281474976710655.000000	8.432002	2703	0.000000
281474976710655.000000	7.839719	2704	0.000000
281474976710655.000000	8.454113	2705	0.000000
281474976710655.000000	7.892660	2706	0.000000
281474976710655.000000	8.374541	2707	0.000000
281474976710655.000000	7.789220	2708	0.000000
281474976710655.000000	8.302533	2709	0.000000
281474976710655.000000	7.743206	2710	0.000000
281474976710655.000000	8.354515	2711	0.000000
281474976710655.000000	7.793889	2712	0.000000
281474976710655.000000	8.219694	2713	0.000000
281474976710655.000000	7.754466	2714	0.000000
281474976710655.000000	8.156098	2715	0.000000
281474976710655.000000	7.605665	2716	0.000000
281474976710655.000000	8.301562	2717	0.000000
281474976710655.000000	7.705119	2718	0.000000
281474976710655.000000	8.211123	2719	0.000000
281474976710655.000000	7.659031	2720	0.000000
281474976710655.000000	8.023193	2721	0.000000
281474976710655.000000	7.554697	2722	0.000000
281474976710655.000000	8.101458	2723	0.000000
281474976710655.000000	7.550286	2724	0.000000
281474976710655.000000	8.107538	2725	0.000000
281474976710655.000000	7.612695	2726	0.000000
281474976710655.000000	7.963617	2727	0.000000
281474976710655.000000	7.489700	2728	0.000000
281474976710655.000000	7.990051	2729	0.000000
281474976710655.000000	7.478331	2730	0.000000
281474976710655.000000	8.046652	2731	0.000000
281474976710655.000000	7.515574	2732	0.000000
281474976710655.000000	7.851260	2733	0.000000
281474976710655.000000	7.440431	2734	0.000000
281474976710655.000000	7.886628	2735	0.000000
281474976710655.000000	7.346479	2736	0.000000
281474976710655.000000	7.882329	2737	0.000000
281474976710655.000000	7.381612	2738	0.000000
281474976710655.000000	7.835482	2739	0.000000
281474976710655.000000	7.348198	2740	0.000000
281474976710655.000000	7.737710	2741	0.000000
281474976710655.000000	7.289023	2742	0.000000
281474976710655.000000	7.852731	2743	0.000000
281474976710655.000000	7.322539	2744	0.000000
281474976710655.000000	7.750546	2745	0.000000
281474976710655.000000	7.256752	2746	0.000000
281474976710655.000000	7.660233	2747	0.000000
281474976710655.000000	7.217923	2748	0.000000
281474976710655.000000	7.747426	2749	0.000000
281474976710655.000000	7.223266	2750	0.000000
281474976710655.000000	7.608753	2751	0.000000
281474976710655.000000	7.208722	2752	0.000000
281474976710655.000000	7.561829	2753	0.000000
281474976710655.000000	7.102306	2754	0.000000
281474976710655.000000	7.613841	2755	0.000000
281474976710655.000000	7.161891	2756	0.000000
281474976710655.000000	7.575605	2757	0.000000
281474976710655.000000	7.126036	2758	0.000000
281474976710655.000000	7.517216	2759	0.000000
281474976710655.000000	7.035392	2760	0.000000
281474976710655.000000	7.526223	2761	0.000000
281474976710655.000000	7.005775	2762	0.000000
281474976710655.000000	7.481915	2763	0.000000
281474976710655.000000	7.024548	2764	0.000000
281474976710655.000000	7.429287	2765	0.000000
281474976710655.000000	6.985363	2766	0.000000
281474976710655.000000	7.389159	2767	0.000000
281474976710655.000000	6.912878	2768	0.000000
281474976710655.000000	7.449306	2769	0.000000
281474976710655.000000	6.946609	2770	0.000000
281474976710655.000000	7.369451	2771	0.000000
281474976710655.000000	6.876712	2772	0.000000
281474976710655.000000	7.300310	2773	0.000000
281474976710655.000000	6.831442	2774	0.000000
281474976710655.000000	7.361394	2775	0.000000
281474976710655.000000	6.869291	2776	0.000000
281474976710655.000000	7.237134	2777	0.000000
281474976710655.000000	6.841788	2778	0.000000
281474976710655.000000	7.231872	2779	0.000000
281474976710655.000000	6.763965	2780	0.000000
281474976710655.000000	7.269992	2781	0.000000
281474976710655.000000	6.745017	2782	0.000000
281474976710655.000000	7.125072	2783	0.000000
281474976710655.000000	6.743441	2784	0.000000
281474976710655.000000	7.132499	2785	0.000000
281474976710655.000000	6.657384	2786	0.000000
281474976710655.000000	7.234799	2787	0.000000
